# rgb-d 1d : 3 stages

[conv1]
epsW=0.001
epsB=0.002
momW=0.9
momB=0.9
wc=0.100000

[conv2]
epsW=0.001
epsB=0.002
momW=0.9
momB=0.9
wc=0.100000

[conv3]
epsW=0.001
epsB=0.002
momW=0.9
momB=0.9
wc=0.100000

[fc48]
epsW=0.010000
epsB=0.002
momW=0.9
momB=0.9
wc=0.010000

[logprob]
coeff=1

